bar = 119.320000000000007 (405dd47ae147ae15)
baz = 119.320000000099995 (405dd47ae147c991)
bow = 119.319999999999993 (405dd47ae147ae14)
bar = 119.32
baz = 119.3200000001
bow = 119.32
